13281 1
 862 2
 854 3
 976 4
 780 5
 301 6
 260 7
 185 8
 133 9
  82 10
  67 11
  54 12
  44 13
  50 14
  28 15
  26 16
  27 17
  24 18
  23 19
  19 20
  12 21
  15 22
  14 23
  19 24
  13 25
   8 26
   5 27
   9 28
  12 29
   6 30
   6 31
   3 32
   4 33
   6 34
   7 35
   3 36
   4 37
   3 38
   5 39
   6 40
   4 41
   4 42
   5 43
   1 44
   7 45
   4 46
   7 47
   2 48
   4 49
   1 50
   1 51
   4 52
   3 53
   3 54
   2 55
   1 56
   2 57
   2 58
   1 59
   5 60
   1 62
   3 63
   2 64
   3 65
   2 67
   1 68
   1 69
   2 70
   2 73
   1 75
   2 77
   2 79
   2 80
   1 82
   1 84
   1 89
   1 90
   1 93
   1 94
   1 98
   3 106
   1 108
   2 113
   2 114
   1 117
   3 128
   1 130
   1 131
   4 134
   2 136
   1 137
   1 141
   2 148
   1 149
   1 150
   1 152
   1 156
   1 157
   1 162
   1 163
   1 168
   1 174
   1 179
   1 190
   2 193
   2 197
   1 201
   2 204
   1 205
   1 208
   1 213
   1 216
   1 220
   1 226
   1 229
   2 236
   1 238
   1 242
   2 246
   1 248
   1 250
   1 252
   1 253
   2 254
